100
490.82488 1.47446 1994.05232
491.02857 1.48752 1994.42325
465.0 1.0 1692.0
405.64492 3.12318 496.12143
467.9 1.32820 1324.56
342.39763 2.224 533.531
185.6250 2.9666 2000.00000
1.16248 3.89677 3.06752
497.65901 1.30802 1999.69271
151.2059 2.832 1792.64907
296.38877 1.20623 1595.68731
361.82355 3.03152 1882.36621
494.33641 1.03192 1954.09464
497.32371 1.19577 1959.81368
490.04325 1.20614 1986.62359
496.71345 1.28915 1949.49389
498.35129 1.13558 1926.50356
282.539 2.41 1525.0
494.14928 1.15330 1954.40418
1.03914 3.24494 1999.51397
468.9188 2.4 1.00
282.00000 2.00000 564.00000
41.0 1.0 1775.0
495.74019 1.18262 1924.32071
497.36238 1.01439 1910.89005
496.54054 1.46690 1956.76962
28.0 3.64 472.63
491.49931 1.08239 1945.92208
138.35318 1.37737 373.65449
233.0 2.1 304.99484
298.79888 3.85646 624.18123
1.00 3.7078 989.901
451.0 3.0 260.0
498.33854 1.32427 1920.39767
406.78951 2.39333 1821.70005
470.44709 2.62830 49.35671
493.99973 1.06206 1967.17969
495.38868 1.26621 1987.53900
363.00000 2.00000 388.00000
314.481 4.0 1714.586
28.0 1.0 495.0
121.0 2.0 1437.0
278.0 1.0 1528.0
159.79385 1.06642 586.95675
496.83133 1.47958 1976.12568
489.62547 3.41260 1979.10394
134.78513 3.2007 1686.95
385.46190 3.97341 658.61
493.03761 1.04531 1975.69427
392.26951 3.20348 1548.71738
1.02207 3.66212 1999.36555
358.29062 3.08004 44.48080
18.0 3.7 1316.0
491.74979 1.24011 1922.59396
491.62701 1.17103 1978.56715
490.58071 1.42621 1998.11094
491.13650 1.11668 1948.09685
223.50266 2.65414 496.46140
177.0 4.0 1471.0
491.40296 3.88733 611.20088
496.71947 1.14932 1919.30347
497.45722 1.33793 1912.66630
1.04478 3.67595 1999.41580
365.36215 1.62560 1538.77592
473.8620 2.729 104.7215
452.40607 2.59018 85.89078
493.86878 2.72998 1903.49131
145.0 1.0 802.0
500.00000 1.27865 172.0
493.84527 1.15110 1904.51569
176.46918 3.37374 306.76330
416.00000 2.00000 832.00000
494.08145 1.28307 1999.33136
37.0 2.0 570.0
495.31290 1.28031 1911.98711
491.18223 1.23299 1979.84040
103.4 2.9 661.38903
385.0 2.0 169.0
304.0 2.0 1937.74
140.00000 2.00000 280.00000
486.0 3.0 1332.0
498.30694 1.19289 1967.91108
365.44424 1.42691 1880.73017
468.00000 3.00000 494.00000
495.22436 1.49809 1927.57976
298.23069 3.82089 3.27599
94.0 4.0 513.0
243.02814 1.43 1454.8936
496.59673 1.16017 1968.77210
383.34552 2.59142 1342.93427
497.38800 1.24199 1961.26529
412.00000 2.00000 824.00000
490.92192 1.08570 1965.88296
63.0 2.0 965.0
180.0 1.00000 654.0
382.00000 3.00000 420.00000
495.11848 1.13751 1900.29307
303.00000 2.00000 316.00000
1.03279 3.52363 1999.98613
498.36651 1.06212 1932.74686
