50
5
0.81 0.88 0.44 0.12 0.06
0.50 0.56 0.94 0.38 0.19
5
0.57 0.62 0.86 0.81 0.90
0.33 0.14 0.05 0.48 0.24
1
0.3
0.7
4
0.91 0.02 0.13 0.36
0.09 0.76 0.96 0.71
10
0.50 0.27 0.18 0.17 0.41 0.11 0.39 0.45 0.28 0.51
0.85 0.57 0.87 0.77 0.56 0.62 0.89 0.65 0.74 0.54
4
0.70 0.52 0.65 0.83
0.04 0.30 0.13 0.17
10
0.76 0.85 0.57 0.28 0.52 0.81 0.70 0.20 0.37 0.61
0.35 0.78 0.41 0.15 0.30 0.89 0.83 0.46 0.07 0.17
10
0.04 0.52 0.76 0.36 0.29 0.90 0.09 0.66 0.85 0.05
0.06 0.30 0.73 0.84 0.93 0.91 0.19 0.18 0.98 0.55
10
0.13 0.87 0.57 0.24 0.34 0.94 0.92 0.89 0.44 0.01
0.22 0.05 0.31 0.60 0.78 0.26 0.55 0.90 0.52 0.20
9
0.22 0.40 0.16 0.58 0.06 0.68 0.99 0.55 0.65
0.05 0.47 0.94 0.30 0.08 0.17 0.45 0.61 0.21
10
0.708 0.717 0.670 0.972 0.915 0.519 0.632 0.953 0.500 0.745
0.208 0.198 0.396 0.047 0.170 0.009 0.283 0.368 0.453 0.274
10
0.857 0.330 0.125 0.804 0.187 0.518 0.205 0.027 0.670 0.759
0.473 0.545 0.357 0.661 0.964 0.384 0.143 0.911 0.893 0.375
9
0.78 0.51 0.65 0.16 0.02 0.73 0.76 0.33 0.90
0.39 0.06 0.61 0.35 0.57 0.20 0.67 0.45 0.08
10
0.72 0.31 0.51 0.01 0.86 0.13 0.74 0.19 0.15 0.46
0.21 0.42 0.97 0.69 0.68 0.76 0.40 0.62 0.38 0.24
3
0.15 0.62 0.54
0.38 0.08 0.23
8
0.73 0.33 0.18 0.78 0.87 0.85 0.98 0.97
0.43 0.48 0.50 0.47 0.53 0.62 0.83 0.67
10
0.30 0.52 0.91 0.37 0.49 0.14 0.47 0.76 0.80 0.82
0.68 0.94 0.48 0.22 0.08 0.34 0.01 0.28 0.32 0.11
8
0.80 0.43 0.15 0.28 0.52 0.91 0.24 0.65
0.57 0.09 0.93 0.17 0.63 0.22 0.37 0.48
2
0.8 0.3
0.9 0.6
3
0.55 0.09 0.86
0.41 0.64 0.68
7
0.30 0.10 0.70 0.15 0.25 0.05 0.80
0.40 0.75 0.50 0.60 0.35 0.65 0.55
10
0.894 0.788 0.920 0.735 0.841 0.664 0.575 0.558 0.912 0.619
0.133 0.425 0.009 0.204 0.540 0.115 0.018 0.531 0.195 0.283
2
0.83 0.92
0.50 0.42
10
0.05 0.03 0.21 0.08 0.76 0.87 0.13 0.29 0.45 0.84
0.58 0.71 0.32 0.92 0.63 0.16 0.55 0.89 0.97 0.24
7
0.81 0.70 0.83 0.54 0.07 0.24 0.91
0.93 0.50 0.44 0.35 0.63 0.17 0.61
8
0.41 0.49 0.31 0.97 0.08 0.87 0.21 0.46
0.95 0.05 0.92 0.26 0.15 0.44 0.64 0.62
4
0.83 0.08 0.67 0.75
0.17 0.33 0.42 0.58
10
0.29 0.08 0.46 0.85 0.58 0.04 0.10 0.02 0.44 0.98
0.56 0.50 0.12 0.38 0.40 0.17 0.77 0.88 0.13 0.15
1
0.3
0.7
10
0.80 0.35 0.53 0.10 0.94 0.65 0.76 0.73 0.02 0.45
0.24 0.90 0.27 0.86 0.14 0.71 0.63 0.88 0.22 0.43
10
0.48 0.56 0.46 0.94 0.52 0.98 0.85 0.71 0.83 0.87
0.25 0.06 0.17 0.04 0.23 0.27 0.37 0.19 0.02 0.33
10
0.03 0.17 0.11 0.42 0.47 0.39 0.14 0.33 0.06 0.22
0.69 0.50 0.61 0.58 0.78 0.89 0.92 0.75 0.72 0.97
4
0.75 0.10 0.30 0.95
0.90 0.55 0.65 0.80
8
0.74 0.82 0.81 0.67 0.05 0.84 0.47 0.16
0.04 0.30 0.53 0.65 0.33 0.63 0.02 0.72
9
0.14 0.54 0.43 0.29 0.93 0.36 0.25 0.57 0.86
0.71 0.89 0.75 0.64 0.82 0.79 0.68 0.39 0.61
4
0.30 0.87 0.52 0.13
0.22 0.35 0.09 0.65
1
0.9
0.7
10
0.39 0.18 0.71 0.87 0.32 0.65 0.10 0.66 0.34 0.45
0.06 0.82 0.42 0.52 0.35 0.77 0.58 0.23 0.97 0.74
4
0.17 0.62 0.92 0.87
0.12 0.46 0.75 0.67
9
0.93 0.26 0.63 0.04 0.67 0.33 0.22 0.78 0.56
0.07 0.89 0.52 0.74 0.48 0.44 0.37 0.85 0.30
10
0.41 0.05 0.55 0.68 0.77 0.18 0.14 0.32 0.95 0.82
0.09 0.86 0.27 0.50 0.64 0.23 0.59 0.36 0.73 0.91
8
0.54 0.79 0.84 0.37 0.80 0.20 0.30 0.50
0.11 0.61 0.43 0.09 0.91 0.07 0.02 0.70
10
0.946 0.396 0.342 0.640 0.117 0.838 0.712 0.865 0.937 0.108
0.982 0.649 0.730 0.955 0.009 0.541 0.468 0.207 0.694 0.856
10
0.89 0.23 0.77 0.42 0.30 0.02 0.87 0.64 0.75 0.19
0.27 0.80 0.36 0.48 0.32 0.05 0.13 0.22 0.35 0.03
9
0.05 0.29 0.43 0.37 0.09 0.73 0.36 0.82 0.25
0.40 0.87 0.33 0.86 0.44 0.39 0.31 0.03 0.41
1
0.8
0.6
10
0.24 0.28 0.45 0.21 0.07 0.69 0.76 0.55 0.17 0.97
0.62 0.86 0.38 0.66 0.41 0.10 0.03 0.72 0.83 0.93
9
0.71 0.55 0.85 0.88 0.10 0.29 0.74 0.59 0.13
0.73 0.36 0.07 0.70 0.24 0.28 0.69 0.49 0.15
1
0.8
0.3
5
0.94 0.88 0.18 0.29 0.47
0.35 0.59 0.24 0.41 0.76
