
n: 0.186 0.389 0.907 0.832 0.959 0.557 0.300 0.992 0.899
k: 0.916 0.728 0.271 0.520 0.700 0.521 0.215 0.341 0.458

0.186 0.916 n:0 k:1

n: 0.389 0.907 0.832 0.959 0.557 0.300 0.992 0.899
k: 0.728 0.271 0.520 0.700 0.521 0.215 0.341 0.458

0.832 0.728 n:1 k:1

n: 0.389 0.907 0.832 0.959 0.557 0.300 0.992 0.899
k: 0.728 0.271 0.520 0.700 0.521 0.215 0.341 0.458







n: 0.186 0.300 0.389 0.557 0.832 0.899 0.907 0.959 0.992 
k: 0.271 0.215 0.341 0.458 0.520 0.521 0.700 0.728 0.916 

0.186 0.916 n:0 k:1

n: 0.300 0.389 0.557 0.832 0.899 0.907 0.959 0.992 
k: 0.271 0.215 0.341 0.458 0.520 0.521 0.700 0.728
